,1,2,3,4,5,6,7
1,99,12,10,99,99,99,12
2,12,99,8,12,99,99,99
3,10,8,99,11,3,99,9
4,99,12,11,99,11,10,99
5,99,99,3,11,99,6,7
6,99,99,99,10,6,99,9
7,12,99,9,99,7,9,99
